92 248
29 92 535
82 80 90
42 88 710
1 51 73
3 54 495
16 68 167
35 37 720
17 27 439
43 92 837
59 6 948
12 39 857
1 76 67
50 27 41
91 17 2
51 55 472
7 60 179
62 82 156
60 2 707
87 92 914
35 39 574
71 79 383
19 14 929
6 91 174
40 80 499
86 59 463
67 50 545
33 6 946
79 19 536
1 24 881
48 45 132
28 11 21
38 14 739
5 53 888
36 5 198
45 47 681
28 81 542
22 68 52
63 70 157
4 38 889
3 46 811
48 60 890
42 12 20
69 83 845
64 14 738
77 5 548
6 57 478
12 16 414
32 81 732
85 74 584
10 92 145
16 84 38
42 33 303
1 62 657
63 91 151
85 57 185
68 3 641
49 92 512
15 44 131
68 73 919
77 56 918
53 92 710
46 92 504
22 2 576
40 22 928
91 44 624
15 5 795
66 47 10
85 2 822
4 41 95
88 21 334
33 63 680
18 12 781
84 17 307
83 75 29
23 59 26
24 55 447
24 59 433
1 42 261
65 14 885
64 49 812
39 70 94
1 52 43
75 4 268
23 82 167
35 16 225
60 61 828
77 19 179
84 44 232
73 34 278
52 11 881
89 74 754
30 9 484
7 37 16
9 21 979
13 34 159
2 65 492
35 21 816
70 13 37
19 46 140
22 67 513
60 70 288
71 2 802
80 61 745
63 47 460
75 47 520
75 2 937
76 59 916
58 82 370
1 69 120
51 7 886
66 74 616
90 7 437
33 16 533
58 9 639
64 34 148
3 29 875
44 20 39
25 92 545
17 25 295
65 10 282
83 71 475
38 20 779
11 21 861
22 70 724
19 29 137
85 36 363
84 5 220
1 23 339
75 70 903
41 46 398
28 88 545
80 70 686
21 15 231
31 22 64
12 80 582
75 84 62
45 91 302
21 84 967
39 84 587
26 25 245
65 49 947
1 30 351
12 45 116
1 58 696
26 54 286
1 32 213
42 82 612
68 64 515
55 37 22
30 40 198
38 34 149
41 43 965
45 70 278
5 49 345
60 36 549
79 13 919
58 48 979
57 41 326
59 39 59
57 38 830
18 55 288
11 45 771
86 9 498
15 41 533
35 80 520
74 50 726
34 92 304
63 77 860
83 66 147
27 92 412
41 14 118
35 89 703
35 22 169
63 67 467
58 7 53
51 12 63
11 39 121
15 3 671
82 63 397
23 12 890
55 21 320
35 6 397
58 35 356
21 70 460
74 19 99
20 92 232
8 92 141
80 2 228
67 73 584
48 6 495
90 48 524
74 3 729
66 67 386
12 66 696
55 63 603
82 39 481
1 18 601
63 61 636
47 17 435
54 92 448
56 53 532
41 54 425
39 74 552
12 22 354
48 16 795
42 35 436
1 90 779
13 72 868
79 65 152
5 46 217
76 40 747
6 70 819
18 48 493
48 66 790
66 15 618
21 68 966
48 85 73
76 12 237
4 26 957
78 46 711
68 17 134
3 14 379
26 53 889
77 65 389
59 21 411
65 87 800
47 65 802
44 49 863
14 92 715
72 92 131
3 53 996
1 28 715
69 48 65
91 78 894
55 66 898
62 35 646
66 57 367
18 88 193
80 4 723
9 75 897
1 86 733
2 19 819
5 72 251
24 7 501
50 29 409
31 16 566
6 84 358
52 82 339
